\begin{tabular}{lcccccc}
\hline
\hline
 & \multicolumn{5}{c}{Category} \\
RQ&Neg. \& Sig.&Neg. \& Not Sig.&Pos. \& Not Sig.&Pos. \& Sig.&Total \\
%
\hline
1&28.33&68.89&2.78&0.00&100.00 \\
2&37.96&37.04&16.67&8.33&100.00 \\
3&0.00&47.22&50.00&2.78&100.00 \\
4a&0.00&8.33&33.33&58.33&100.00 \\
4b&16.67&8.33&41.67&33.33&100.00 \\
4c&8.33&58.33&0.00&33.33&100.00 \\
5a&5.56&19.44&25.00&50.00&100.00 \\
5b&16.67&36.11&30.56&16.67&100.00 \\
5c&13.89&69.44&0.00&16.67&100.00 \\
6&0.00&16.67&66.67&16.67&100.00 \\
7&8.33&0.00&55.56&36.11&100.00 \\
8&0.00&16.67&75.00&8.33&100.00 \\
\hline
\hline
\end{tabular}
